	 1 0.000639 3 180 0
	 2 0 3 0 1
	 3 0.001692 1 0 1
	 4 0.001692 1 0 1
	 5 0 1 0 1
	 6 0.004344 3 180 0
	 7 0 3 0 1
	 8 0.000376 3 0 1
	 9 0.000376 3 0 1
	 10 0.000367 3 0 1
	 11 0.000376 3 0 1
	 12 0.002106 2 180 1
	 13 0.004701 2 180 1
	 14 0.00126 3 0 1
	 15 0 3 0 1
	 16 0.000376 3 0 1
	 17 0.000376 3 0 1
	 18 0 1 0 1
	 19 0.000376 3 0 1
	 20 0 1 0 1
	 21 0.000752 2 180 0
	 22 0.001974 3 180 0
	 23 0.00015 3 0 1
	 24 0.000357 3 0 1
	 25 0.004005 3 0 0
	 26 0.00487 2 180 1
	 27 0 1 0 1
	 28 0.000367 3 0 1
	 29 0.000367 3 0 1
	 30 0.000376 3 0 1
	 31 0.000376 3 0 1
	 32 0 3 180 1
	 33 0 3 0 1
	 34 0.000357 3 0 1
	 35 0 3 180 1
