1 1 21 -0.067 1.106 -3.274 -0.502 # CG321
2 1 18 0.09 0.148 -3.833 -0.691 # HGA2
3 1 18 0.09 1.817 -3.492 -1.35 # HGA2
4 1 22 -0.186 1.717 -3.768 0.805 # CG331
5 1 19 0.09 1.863 -4.87 0.737 # HGA3
6 1 19 0.09 1.047 -3.554 1.671 # HGA3
7 1 19 0.09 2.705 -3.286 0.998 # HGA3
8 1 24 -0.399 0.807 -1.869 -0.567 # NG2R53
9 1 20 0.371 1.81 -0.899 -0.725 # CG2R53
10 1 25 -0.49 2.932 -1.116 -1.199 # OG2D1
11 1 23 -0.011 1.295 0.46 -0.26 # CG3C52
12 1 17 0.09 1.269 1.166 -1.123 # HRA2
13 1 17 0.09 1.998 0.862 0.51 # HRA2
14 1 23 -0.188 -0.095 0.193 0.313 # CG3C52
15 1 17 0.09 -0.878 0.765 -0.238 # HRA2
16 1 17 0.09 -0.141 0.484 1.387 # HRA2
17 1 23 0.067 -0.331 -1.328 0.16 # CG3C52
18 1 17 0.09 -0.437 -1.812 1.169 # HRA2
19 1 17 0.09 -1.266 -1.536 -0.427 # HRA2
