1 1 391 18 404 390
2 1 480 40 45 487
3 1 59 60 66 65
4 1 86 83 85 734
5 1 787 101 788 785
6 1 284 116 292 317
7 1 123 124 133 120
8 1 139 140 142 889
9 1 408 158 411 410
10 1 166 164 168 167
11 1 395 176 435 393
12 1 193 189 196 207
13 1 201 203 217 197
14 1 239 240 253 235
15 1 252 243 261 251
16 1 266 267 280 274
17 1 306 295 557 551
18 1 313 312 324 300
19 1 326 131 325 339
20 1 330 328 331 329
21 1 348 350 364 349
22 1 374 368 369 373
23 1 14 13 406 3558
24 1 405 416 419 432
25 1 223 439 442 1
26 1 444 200 455 448
27 1 453 454 464 449
28 1 461 463 482 462
29 1 496 493 498 499
30 1 277 250 515 275
31 1 526 521 531 524
32 1 558 533 561 562
33 1 48 50 550 49
34 1 571 568 572 570
35 1 611 600 601 608
36 1 612 614 620 632
37 1 672 664 673 914
38 1 667 661 683 689
39 1 1363 694 1359 1365
40 1 724 695 722 716
41 1 79 77 699 74
42 1 706 705 712 936
43 1 752 741 745 753
44 1 744 748 756 764
45 1 778 777 782 796
46 1 644 792 1475 766
47 1 803 802 805 110
48 1 821 822 823 824
49 1 858 848 864 845
50 1 874 850 865 867
51 1 872 833 871 852
52 1 5153 1065 1071 5154
53 1 1079 1085 1102 1073
54 1 1111 900 1109 1110
55 1 1106 1095 1121 1120
56 1 1285 1281 1293 1294
57 1 1309 1308 1311 1314
58 1 1336 1332 1335 1326
59 1 1316 1342 1347 1284
60 1 1351 1339 1352 1331
61 1 1377 729 1390 1374
62 1 1385 1375 1393 1384
63 1 1453 1439 1447 1455
64 1 1462 790 1454 1464
65 1 8203 1483 8176 8161
66 1 1502 1511 1530 1495
67 1 1541 884 1536 1570
68 1 1550 1549 1556 1356
69 1 1581 1600 1610 1602
70 1 1615 1614 1617 1616
71 1 1406 1613 1645 1388
72 1 1643 1644 1661 1404
73 1 1702 1694 2294 1701
74 1 1713 1704 1731 1500
75 1 1742 807 1740 1015
76 1 1528 1746 1750 1505
77 1 1730 1496 1754 1741
78 1 1765 1773 2391 1764
79 1 1781 1779 1782 1783
80 1 1814 1797 1803 1802
81 1 1523 1518 1963 3154
82 1 1975 1966 1974 1979
83 1 1986 1984 1990 1985
84 1 2016 2011 2018 2014
85 1 2026 2029 2036 2025
86 1 2049 1419 2048 2050
87 1 2267 2056 2861 2280
88 1 2075 2053 2065 2744
89 1 2083 2089 2094 1535
90 1 2101 2100 2116 3224
91 1 2129 2130 2146 2132
92 1 1996 1995 2139 2126
93 1 2164 2163 2165 2282
94 1 2179 2173 2180 2177
95 1 2207 2208 2211 1606
96 1 2232 2223 2231 2235
97 1 2238 2237 2483 2289
98 1 2274 2273 2275 1666
99 1 2303 2305 2307 2299
100 1 2352 2317 2607 1738
101 1 2353 2351 2354 2337
102 1 2341 2379 2382 1744
103 1 2413 2395 2396 2983
104 1 2419 2199 2420 1824
105 1 2430 2432 2435 2429
106 1 2241 2218 2447 2243
107 1 2465 2452 2463 2464
108 1 2470 2469 2472 2477
109 1 2489 2496 2512 2508
110 1 2498 2253 2501 2230
111 1 2511 2530 7019 2518
112 1 2475 2476 2531 3270
113 1 2552 2545 2564 2565
114 1 2560 2549 2561 3305
115 1 2330 2577 2914 2321
116 1 2290 2301 2582 2265
117 1 2587 2569 2586 2583
118 1 2608 2591 2618 2605
119 1 2655 2628 2654 7151
120 1 2645 2634 2646 2642
121 1 2624 2669 3147 2355
122 1 2403 2404 2670 2402
123 1 2656 2652 2683 2686
124 1 2693 2692 2694 2680
125 1 2711 2712 2715 2122
126 1 2950 2728 2952 2949
127 1 2796 2749 2978 2961
128 1 2769 2763 2768 2770
129 1 2777 2766 2775 2907
130 1 2727 2782 2967 2721
131 1 2790 2791 2792 2797
132 1 2156 2148 2831 2817
133 1 2848 2740 2850 2849
134 1 2816 2815 2858 2818
135 1 2869 2865 2868 2891
136 1 8070 2829 2880 8681
137 1 2725 2885 2923 2724
138 1 2926 2889 2927 2951
139 1 2894 2892 2895 3409
140 1 2905 2909 2913 2904
141 1 2938 2928 2936 2946
142 1 3155 2933 3146 3149
143 1 2969 2958 2984 7185
144 1 2943 2959 2960 2942
145 1 3022 2991 7228 2975
146 1 3017 3014 3015 3016
147 1 3044 3042 3045 1468
148 1 3070 3048 3051 3073
149 1 3087 3067 3084 3047
150 1 3130 3127 3129 3128
151 1 3133 3113 3135 3134
152 1 3114 3101 3139 3152
153 1 3189 3181 3192 3178
154 1 3201 3184 3211 3210
155 1 3205 3206 3207 3200
156 1 3198 3208 3213 2080
157 1 3311 3295 3309 3310
158 1 3379 3378 3387 2881
159 1 3393 3385 3394 3383
160 1 3470 3028 3480 3510
161 1 3517 1330 3488 3519
162 1 4343 3509 3582 4344
163 1 3672 3554 3667 3677
164 1 3557 3541 3555 3556
165 1 3560 3561 3564 3563
166 1 3538 3580 4477 3535
167 1 3629 3608 3630 3631
168 1 3648 3643 3659 3657
169 1 3525 3523 3676 3522
170 1 3684 3703 3705 3685
171 1 3771 3750 3776 3762
172 1 3759 3760 3783 3756
173 1 3812 3808 3816 3813
174 1 3899 3857 3930 9060
175 1 3872 3868 4507 3755
176 1 3367 3746 3880 3369
177 1 4067 3913 4223 4066
178 1 4918 3925 4932 4912
179 1 4950 3942 3952 4951
180 1 3975 3973 3990 3976
181 1 4013 4011 4012 4015
182 1 4019 4029 4039 4016
183 1 4043 4028 4040 3581
184 1 4054 4053 4057 4055
185 1 4088 4090 4092 4091
186 1 4098 4083 4097 4102
187 1 4117 4120 4131 3603
188 1 4133 4132 4397 4134
189 1 4139 4135 4150 4140
190 1 4148 4145 4158 4146
191 1 4163 4164 4165 4161
192 1 4157 3622 4176 583
193 1 4204 4207 4211 4197
194 1 4234 4231 4233 5367
195 1 4305 4280 4306 4304
196 1 4572 4315 4322 4577
197 1 4337 4335 4339 4338
198 1 4390 4359 4420 4375
199 1 4358 4362 4385 4357
200 1 4396 4388 4395 4402
201 1 4405 4408 4434 4406
202 1 4450 4443 4449 4448
203 1 4469 4452 4470 4465
204 1 4498 4491 4497 4501
205 1 4504 4490 4506 4730
206 1 4537 4533 4536 4601
207 1 4541 4548 4550 4538
208 1 4540 4539 4558 4496
209 1 4565 4561 4563 4571
210 1 4592 4584 4587 4802
211 1 4608 4609 4614 4606
212 1 4419 4413 4633 4632
213 1 4648 4644 4657 4647
214 1 4663 4662 4695 4671
215 1 4720 4665 4902 4714
216 1 3856 3860 4683 3854
217 1 4747 4738 4748 4746
218 1 4759 4752 4754 4760
219 1 4783 4781 4786 4782
220 1 4573 4575 4809 4594
221 1 4819 4817 4821 4818
222 1 3875 3877 4828 4798
223 1 4840 4832 4841 3889
224 1 4620 4618 4849 4619
225 1 4858 4854 4861 4857
226 1 4874 4879 4889 4862
227 1 3908 3909 4888 4887
228 1 4891 4890 4893 4895
229 1 4920 4713 4916 4926
230 1 4929 4928 4931 4933
231 1 4968 4959 4969 4966
232 1 4965 4946 4970 4964
233 1 3947 3950 4976 3948
234 1 5000 5002 5024 4999
235 1 5021 4997 5030 4905
236 1 5040 5041 5042 5037
237 1 3954 3955 5050 3905
238 1 5070 5071 5072 5063
239 1 5065 3964 5073 3962
240 1 5118 5108 5119 5122
241 1 5139 4468 5124 4680
242 1 5158 5150 5159 5157
243 1 5182 5184 5185 5181
244 1 5173 5183 5187 5174
245 1 5194 3995 5196 5201
246 1 5369 5368 5375 5365
247 1 5379 5378 5380 5377
248 1 5426 5392 5409 5394
249 1 5404 5396 5414 4271
250 1 5422 5416 5427 5421
251 1 6440 5564 6441 6439
252 1 5579 5575 5576 5599
253 1 5623 5607 5619 5587
254 1 5633 5636 5638 4551
255 1 5617 5625 5655 6494
256 1 5801 5770 5771 5809
257 1 5779 5780 5785 5781
258 1 5772 5783 7636 5773
259 1 5841 5817 5828 5854
260 1 5835 5821 5836 5653
261 1 5844 5814 5843 5861
262 1 5807 5960 5962 5961
263 1 5964 5965 5966 7651
264 1 6011 6001 6009 6010
265 1 6102 6103 6104 6101
266 1 6120 6115 6116 6124
267 1 6275 6285 6286 6274
268 1 6288 6299 6445 6290
269 1 6171 6141 6308 6167
270 1 6464 6459 6468 6463
271 1 6496 6475 6508 6497
272 1 4692 4690 6600 4688
273 1 5792 5784 6626 5774
274 1 7664 6633 7662 7652
275 1 6639 6640 6653 6637
276 1 6644 6648 7677 6638
277 1 6674 6675 6677 6672
278 1 6690 5983 6786 6691
279 1 6793 6788 6794 6796
280 1 6689 6686 6799 6688
281 1 7698 6814 7693 7697
282 1 6854 6824 6841 6819
283 1 6687 6825 7822 6684
284 1 6842 6843 7999 6836
285 1 10818 6855 10817 9530
286 1 5991 6000 6887 6888
287 1 7232 6949 7231 6301
288 1 6958 6490 6962 6861
289 1 6982 6970 9504 6979
290 1 6968 6964 6987 6145
291 1 6996 6995 6999 6997
292 1 6983 6960 7005 7026
293 1 7007 6981 7008 7010
294 1 7032 7033 7034 7031
295 1 7073 7070 7074 7076
296 1 8245 7094 8246 8242
297 1 7117 7115 7124 7107
298 1 7135 7120 7153 7142
299 1 7171 7149 7155 7172
300 1 7165 7161 7163 6250
301 1 7216 7188 7223 7222
302 1 7202 7203 7209 7184
303 1 7207 7194 7219 7215
304 1 7247 7006 7246 7277
305 1 7252 6319 7250 7257
306 1 7243 7240 7253 7242
307 1 7415 7293 7402 7758
308 1 7292 7291 7301 7248
309 1 7303 7305 7307 7300
310 1 7332 7087 7339 7088
311 1 7350 7346 8509 7349
312 1 7370 7364 7573 7588
313 1 7344 7348 7378 7327
314 1 7089 7092 7379 7090
315 1 7384 7388 7397 7376
316 1 7399 7395 7413 8542
317 1 7538 7422 7537 7563
318 1 7431 7429 7433 7432
319 1 7461 7456 7465 7443
320 1 7478 7481 7487 7459
321 1 7490 7491 8625 7489
322 1 7504 7499 7509 6451
323 1 7518 7517 7522 7519
324 1 7550 7321 7551 7549
325 1 7535 7552 7560 7452
326 1 7558 7557 7562 7568
327 1 7567 7565 7583 7559
328 1 8703 7597 8702 8705
329 1 7613 7600 7631 7612
330 1 7643 7639 7647 7644
331 1 7675 7673 7674 7660
332 1 7726 7724 7727 7723
333 1 7730 7729 7898 7955
334 1 7711 7732 8839 7710
335 1 2137 2135 7735 2186
336 1 7755 7756 7757 7746
337 1 7770 7766 7775 7778
338 1 7799 7789 7792 7938
339 1 7887 7814 7817 8278
340 1 7623 7604 7818 7621
341 1 7839 7812 7838 7829
342 1 7615 7616 7846 7614
343 1 7830 7824 7847 7848
344 1 7873 7645 7875 7871
345 1 7883 7864 7878 7859
346 1 7923 7905 7929 7911
347 1 7912 7917 7918 7919
348 1 7927 7937 8119 7928
349 1 1971 1970 7949 1446
350 1 7959 7964 7973 7954
351 1 7983 7981 7982 7985
352 1 7990 7989 8003 7763
353 1 8021 8018 8030 8028
354 1 8033 8008 8037 8009
355 1 8055 8048 8054 6883
356 1 8077 8074 8075 8103
357 1 8091 8083 9058 8090
358 1 8098 8096 8099 8100
359 1 8134 8135 8141 8133
360 1 8153 8152 8156 8155
361 1 7974 8166 8169 7972
362 1 8191 8186 8193 8164
363 1 9122 8198 9130 9121
364 1 8410 8210 8419 8735
365 1 8220 7795 8221 8209
366 1 8207 8212 8222 8711
367 1 8238 8231 8236 8234
368 1 8639 8262 8637 8659
369 1 8276 8270 8277 8274
370 1 8293 8294 8301 8292
371 1 8495 8314 8491 8311
372 1 8505 8315 8544 8523
373 1 8381 8335 8375 8382
374 1 7146 8321 8344 7097
375 1 8349 8351 8354 8348
376 1 8387 8124 8395 8397
377 1 8441 8400 8436 8413
378 1 8423 8425 8444 8424
379 1 8439 8437 8438 8447
380 1 8473 8449 8513 8474
381 1 8477 8471 8478 8488
382 1 7942 7941 8479 7924
383 1 8483 8487 8498 2373
384 1 8928 8526 8927 8932
385 1 8532 8531 8563 8403
386 1 8557 8537 8559 8553
387 1 8584 8580 8585 8586
388 1 9002 8594 9005 9012
389 1 8606 8601 8607 8610
390 1 8618 8614 8619 8620
391 1 8672 8646 8661 8662
392 1 8763 8649 8764 8782
393 1 8781 8780 8785 8768
394 1 8793 8794 8812 8786
395 1 8835 8822 8829 8841
396 1 8981 8853 8861 9013
397 1 8870 8869 8884 8867
398 1 8912 8908 8926 8934
399 1 8924 8939 9242 9330
400 1 8951 8946 8947 8976
401 1 9346 8957 9032 9380
402 1 8970 8973 8974 8972
403 1 9061 8679 9066 9049
404 1 9072 9068 9078 9081
405 1 8200 9009 9127 8201
406 1 9203 9199 9207 9205
407 1 9200 9201 9206 9202
408 1 9334 9337 9340 9236
409 1 9361 9360 9362 9377
410 1 9368 9365 9369 9348
411 1 9390 9387 9389 9384
412 1 9395 9393 9397 9294
413 1 9407 9410 9419 9017
414 1 9400 9403 9428 9398
415 1 9454 9405 9432 9451
416 1 9503 3915 9465 6801
417 1 9472 9480 9491 9471
418 1 9487 9486 10953 9489
419 1 9517 9494 9519 9531
420 1 9536 9525 9540 9537
421 1 9562 9551 10811 10813
422 1 9557 9558 9559 9556
423 1 9826 9590 9806 9827
424 1 9606 9601 9691 9607
425 1 9625 9618 9632 9624
426 1 9649 9616 9619 9621
427 1 9714 9636 9645 9715
428 1 9640 9633 9658 9644
429 1 9656 9662 9746 9572
430 1 9673 9672 9674 9675
431 1 5106 5130 9683 5140
432 1 9717 9706 9711 9697
433 1 9634 9659 9719 9639
434 1 9737 9735 9743 9738
435 1 9817 9787 9812 9820
436 1 9796 9793 9799 9814
437 1 9807 9809 9811 9808
438 1 9906 9908 9911 9904
439 1 9929 9923 9938 9928
440 1 9920 9944 10288 10289
441 1 9763 9761 9989 9764
442 1 9997 9984 10009 9995
443 1 9745 1411 10022 9766
444 1 10036 10029 10031 10035
445 1 10032 10033 10042 9945
446 1 10070 10071 10072 10057
447 1 10080 10055 10079 10090
448 1 10023 10087 10091 9781
449 1 10094 10096 10097 10082
450 1 10125 10121 10126 10122
451 1 10452 10129 10453 10466
452 1 10123 10134 10143 10118
453 1 10168 6884 10148 6885
454 1 10155 10154 10172 10170
455 1 10271 10269 10272 10273
456 1 652 10311 10313 653
457 1 10347 10346 10350 10355
458 1 10407 10399 10400 10408
459 1 10439 10417 10420 10108
460 1 10437 10431 10443 10380
461 1 10360 10361 10435 10379
462 1 10477 10449 10456 10614
463 1 592 622 10471 623
464 1 10503 10499 10501 10500
465 1 10775 10504 10512 10787
466 1 10532 10531 10799 10533
467 1 10541 10539 10542 10626
468 1 8114 10543 10552 8112
469 1 10551 8115 10563 10546
470 1 10569 10568 10570 10225
471 1 10561 10576 10579 10562
472 1 10589 647 10601 8165
473 1 10608 10605 10607 10611
474 1 10507 10613 10622 10516
475 1 10637 10628 10639 10634
476 1 10650 10648 10666 10649
477 1 10670 10665 10671 10663
478 1 10688 10681 10689 10690
479 1 10715 10692 10713 10714
480 1 10723 10722 10726 10340
481 1 10745 10742 10743 10735
482 1 10752 10750 10753 10751
483 1 10684 10686 10754 10328
484 1 10783 10785 10786 10769
485 1 10822 10821 10831 10827
486 1 10913 9350 10842 10918
487 1 10854 10852 10857 10868
488 1 10882 10881 10883 10880
489 1 10890 10888 10891 10889
490 1 10923 10916 10922 10925
491 1 10938 10929 10939 10937
492 1 10944 10943 10959 10958
493 1 9570 10460 10968 10519
494 1 10980 10976 10978 10979
495 1 10803 10984 10986 10801
496 1 11383 11010 11396 11382
497 1 11472 11032 11037 11479
498 1 11051 11052 11058 11057
499 1 11078 11075 11077 11726
500 1 11779 11093 11780 11777
501 1 11276 11108 11284 11309
502 1 11115 11116 11125 11112
503 1 11131 11132 11134 11881
504 1 11400 11150 11403 11402
505 1 11158 11156 11160 11159
506 1 11387 11168 11427 11385
507 1 11185 11181 11188 11199
508 1 11193 11195 11209 11189
509 1 11231 11232 11245 11227
510 1 11244 11235 11253 11243
511 1 11258 11259 11272 11266
512 1 11298 11287 11549 11543
513 1 11305 11304 11316 11292
514 1 11318 11123 11317 11331
515 1 11322 11320 11323 11321
516 1 11340 11342 11356 11341
517 1 11366 11360 11361 11365
518 1 11006 11005 11398 14550
519 1 11397 11408 11411 11424
520 1 11215 11431 11434 10993
521 1 11436 11192 11447 11440
522 1 11445 11446 11456 11441
523 1 11453 11455 11474 11454
524 1 11488 11485 11490 11491
525 1 11269 11242 11507 11267
526 1 11518 11513 11523 11516
527 1 11550 11525 11553 11554
528 1 11040 11042 11542 11041
529 1 11563 11560 11564 11562
530 1 11603 11592 11593 11600
531 1 11604 11606 11612 11624
532 1 11664 11656 11665 11906
533 1 11659 11653 11675 11681
534 1 12355 11686 12351 12357
535 1 11716 11687 11714 11708
536 1 11071 11069 11691 11066
537 1 11698 11697 11704 11928
538 1 11744 11733 11737 11745
539 1 11736 11740 11748 11756
540 1 11770 11769 11774 11788
541 1 11636 11784 12467 11758
542 1 11795 11794 11797 11102
543 1 11813 11814 11815 11816
544 1 11850 11840 11856 11837
545 1 11866 11842 11857 11859
546 1 11864 11825 11863 11844
547 1 16145 12057 12063 16146
548 1 12071 12077 12094 12065
549 1 12103 11892 12101 12102
550 1 12098 12087 12113 12112
551 1 12277 12273 12285 12286
552 1 12301 12300 12303 12306
553 1 12328 12324 12327 12318
554 1 12308 12334 12339 12276
555 1 12343 12331 12344 12323
556 1 12369 11721 12382 12366
557 1 12377 12367 12385 12376
558 1 12445 12431 12439 12447
559 1 12454 11782 12446 12456
560 1 19195 12475 19168 19153
561 1 12494 12503 12522 12487
562 1 12533 11876 12528 12562
563 1 12542 12541 12548 12348
564 1 12573 12592 12602 12594
565 1 12607 12606 12609 12608
566 1 12398 12605 12637 12380
567 1 12635 12636 12653 12396
568 1 12694 12686 13286 12693
569 1 12705 12696 12723 12492
570 1 12734 11799 12732 12007
571 1 12520 12738 12742 12497
572 1 12722 12488 12746 12733
573 1 12757 12765 13383 12756
574 1 12773 12771 12774 12775
575 1 12806 12789 12795 12794
576 1 12515 12510 12955 14146
577 1 12967 12958 12966 12971
578 1 12978 12976 12982 12977
579 1 13008 13003 13010 13006
580 1 13018 13021 13028 13017
581 1 13041 12411 13040 13042
582 1 13259 13048 13853 13272
583 1 13067 13045 13057 13736
584 1 13075 13081 13086 12527
585 1 13093 13092 13108 14216
586 1 13121 13122 13138 13124
587 1 12988 12987 13131 13118
588 1 13156 13155 13157 13274
589 1 13171 13165 13172 13169
590 1 13199 13200 13203 12598
591 1 13224 13215 13223 13227
592 1 13230 13229 13475 13281
593 1 13266 13265 13267 12658
594 1 13295 13297 13299 13291
595 1 13344 13309 13599 12730
596 1 13345 13343 13346 13329
597 1 13333 13371 13374 12736
598 1 13405 13387 13388 13975
599 1 13411 13191 13412 12816
600 1 13422 13424 13427 13421
601 1 13233 13210 13439 13235
602 1 13457 13444 13455 13456
603 1 13462 13461 13464 13469
604 1 13481 13488 13504 13500
605 1 13490 13245 13493 13222
606 1 13503 13522 18011 13510
607 1 13467 13468 13523 14262
608 1 13544 13537 13556 13557
609 1 13552 13541 13553 14297
610 1 13322 13569 13906 13313
611 1 13282 13293 13574 13257
612 1 13579 13561 13578 13575
613 1 13600 13583 13610 13597
614 1 13647 13620 13646 18143
615 1 13637 13626 13638 13634
616 1 13616 13661 14139 13347
617 1 13395 13396 13662 13394
618 1 13648 13644 13675 13678
619 1 13685 13684 13686 13672
620 1 13703 13704 13707 13114
621 1 13942 13720 13944 13941
622 1 13788 13741 13970 13953
623 1 13761 13755 13760 13762
624 1 13769 13758 13767 13899
625 1 13719 13774 13959 13713
626 1 13782 13783 13784 13789
627 1 13148 13140 13823 13809
628 1 13840 13732 13842 13841
629 1 13808 13807 13850 13810
630 1 13861 13857 13860 13883
631 1 19062 13821 13872 19673
632 1 13717 13877 13915 13716
633 1 13918 13881 13919 13943
634 1 13886 13884 13887 14401
635 1 13897 13901 13905 13896
636 1 13930 13920 13928 13938
637 1 14147 13925 14138 14141
638 1 13961 13950 13976 18177
639 1 13935 13951 13952 13934
640 1 14014 13983 18220 13967
641 1 14009 14006 14007 14008
642 1 14036 14034 14037 12460
643 1 14062 14040 14043 14065
644 1 14079 14059 14076 14039
645 1 14122 14119 14121 14120
646 1 14125 14105 14127 14126
647 1 14106 14093 14131 14144
648 1 14181 14173 14184 14170
649 1 14193 14176 14203 14202
650 1 14197 14198 14199 14192
651 1 14190 14200 14205 13072
652 1 14303 14287 14301 14302
653 1 14371 14370 14379 13873
654 1 14385 14377 14386 14375
655 1 14462 14020 14472 14502
656 1 14509 12322 14480 14511
657 1 15335 14501 14574 15336
658 1 14664 14546 14659 14669
659 1 14549 14533 14547 14548
660 1 14552 14553 14556 14555
661 1 14530 14572 15469 14527
662 1 14621 14600 14622 14623
663 1 14640 14635 14651 14649
664 1 14517 14515 14668 14514
665 1 14676 14695 14697 14677
666 1 14763 14742 14768 14754
667 1 14751 14752 14775 14748
668 1 14804 14800 14808 14805
669 1 14891 14849 14922 20052
670 1 14864 14860 15499 14747
671 1 14359 14738 14872 14361
672 1 15059 14905 15215 15058
673 1 15910 14917 15924 15904
674 1 15942 14934 14944 15943
675 1 14967 14965 14982 14968
676 1 15005 15003 15004 15007
677 1 15011 15021 15031 15008
678 1 15035 15020 15032 14573
679 1 15046 15045 15049 15047
680 1 15080 15082 15084 15083
681 1 15090 15075 15089 15094
682 1 15109 15112 15123 14595
683 1 15125 15124 15389 15126
684 1 15131 15127 15142 15132
685 1 15140 15137 15150 15138
686 1 15155 15156 15157 15153
687 1 15149 14614 15168 11575
688 1 15196 15199 15203 15189
689 1 15226 15223 15225 16359
690 1 15297 15272 15298 15296
691 1 15564 15307 15314 15569
692 1 15329 15327 15331 15330
693 1 15382 15351 15412 15367
694 1 15350 15354 15377 15349
695 1 15388 15380 15387 15394
696 1 15397 15400 15426 15398
697 1 15442 15435 15441 15440
698 1 15461 15444 15462 15457
699 1 15490 15483 15489 15493
700 1 15496 15482 15498 15722
701 1 15529 15525 15528 15593
702 1 15533 15540 15542 15530
703 1 15532 15531 15550 15488
704 1 15557 15553 15555 15563
705 1 15584 15576 15579 15794
706 1 15600 15601 15606 15598
707 1 15411 15405 15625 15624
708 1 15640 15636 15649 15639
709 1 15655 15654 15687 15663
710 1 15712 15657 15894 15706
711 1 14848 14852 15675 14846
712 1 15739 15730 15740 15738
713 1 15751 15744 15746 15752
714 1 15775 15773 15778 15774
715 1 15565 15567 15801 15586
716 1 15811 15809 15813 15810
717 1 14867 14869 15820 15790
718 1 15832 15824 15833 14881
719 1 15612 15610 15841 15611
720 1 15850 15846 15853 15849
721 1 15866 15871 15881 15854
722 1 14900 14901 15880 15879
723 1 15883 15882 15885 15887
724 1 15912 15705 15908 15918
725 1 15921 15920 15923 15925
726 1 15960 15951 15961 15958
727 1 15957 15938 15962 15956
728 1 14939 14942 15968 14940
729 1 15992 15994 16016 15991
730 1 16013 15989 16022 15897
731 1 16032 16033 16034 16029
732 1 14946 14947 16042 14897
733 1 16062 16063 16064 16055
734 1 16057 14956 16065 14954
735 1 16110 16100 16111 16114
736 1 16131 15460 16116 15672
737 1 16150 16142 16151 16149
738 1 16174 16176 16177 16173
739 1 16165 16175 16179 16166
740 1 16186 14987 16188 16193
741 1 16361 16360 16367 16357
742 1 16371 16370 16372 16369
743 1 16418 16384 16401 16386
744 1 16396 16388 16406 15263
745 1 16414 16408 16419 16413
746 1 17432 16556 17433 17431
747 1 16571 16567 16568 16591
748 1 16615 16599 16611 16579
749 1 16625 16628 16630 15543
750 1 16609 16617 16647 17486
751 1 16793 16762 16763 16801
752 1 16771 16772 16777 16773
753 1 16764 16775 18628 16765
754 1 16833 16809 16820 16846
755 1 16827 16813 16828 16645
756 1 16836 16806 16835 16853
757 1 16799 16952 16954 16953
758 1 16956 16957 16958 18643
759 1 17003 16993 17001 17002
760 1 17094 17095 17096 17093
761 1 17112 17107 17108 17116
762 1 17267 17277 17278 17266
763 1 17280 17291 17437 17282
764 1 17163 17133 17300 17159
765 1 17456 17451 17460 17455
766 1 17488 17467 17500 17489
767 1 15684 15682 17592 15680
768 1 16784 16776 17618 16766
769 1 18656 17625 18654 18644
770 1 17631 17632 17645 17629
771 1 17636 17640 18669 17630
772 1 17666 17667 17669 17664
773 1 17682 16975 17778 17683
774 1 17785 17780 17786 17788
775 1 17681 17678 17791 17680
776 1 18690 17806 18685 18689
777 1 17846 17816 17833 17811
778 1 17679 17817 18814 17676
779 1 17834 17835 18991 17828
780 1 21810 17847 21809 20522
781 1 16983 16992 17879 17880
782 1 18224 17941 18223 17293
783 1 17950 17482 17954 17853
784 1 17974 17962 20496 17971
785 1 17960 17956 17979 17137
786 1 17988 17987 17991 17989
787 1 17975 17952 17997 18018
788 1 17999 17973 18000 18002
789 1 18024 18025 18026 18023
790 1 18065 18062 18066 18068
791 1 19237 18086 19238 19234
792 1 18109 18107 18116 18099
793 1 18127 18112 18145 18134
794 1 18163 18141 18147 18164
795 1 18157 18153 18155 17242
796 1 18208 18180 18215 18214
797 1 18194 18195 18201 18176
798 1 18199 18186 18211 18207
799 1 18239 17998 18238 18269
800 1 18244 17311 18242 18249
801 1 18235 18232 18245 18234
802 1 18407 18285 18394 18750
803 1 18284 18283 18293 18240
804 1 18295 18297 18299 18292
805 1 18324 18079 18331 18080
806 1 18342 18338 19501 18341
807 1 18362 18356 18565 18580
808 1 18336 18340 18370 18319
809 1 18081 18084 18371 18082
810 1 18376 18380 18389 18368
811 1 18391 18387 18405 19534
812 1 18530 18414 18529 18555
813 1 18423 18421 18425 18424
814 1 18453 18448 18457 18435
815 1 18470 18473 18479 18451
816 1 18482 18483 19617 18481
817 1 18496 18491 18501 17443
818 1 18510 18509 18514 18511
819 1 18542 18313 18543 18541
820 1 18527 18544 18552 18444
821 1 18550 18549 18554 18560
822 1 18559 18557 18575 18551
823 1 19695 18589 19694 19697
824 1 18605 18592 18623 18604
825 1 18635 18631 18639 18636
826 1 18667 18665 18666 18652
827 1 18718 18716 18719 18715
828 1 18722 18721 18890 18947
829 1 18703 18724 19831 18702
830 1 13129 13127 18727 13178
831 1 18747 18748 18749 18738
832 1 18762 18758 18767 18770
833 1 18791 18781 18784 18930
834 1 18879 18806 18809 19270
835 1 18615 18596 18810 18613
836 1 18831 18804 18830 18821
837 1 18607 18608 18838 18606
838 1 18822 18816 18839 18840
839 1 18865 18637 18867 18863
840 1 18875 18856 18870 18851
841 1 18915 18897 18921 18903
842 1 18904 18909 18910 18911
843 1 18919 18929 19111 18920
844 1 12963 12962 18941 12438
845 1 18951 18956 18965 18946
846 1 18975 18973 18974 18977
847 1 18982 18981 18995 18755
848 1 19013 19010 19022 19020
849 1 19025 19000 19029 19001
850 1 19047 19040 19046 17875
851 1 19069 19066 19067 19095
852 1 19083 19075 20050 19082
853 1 19090 19088 19091 19092
854 1 19126 19127 19133 19125
855 1 19145 19144 19148 19147
856 1 18966 19158 19161 18964
857 1 19183 19178 19185 19156
858 1 20114 19190 20122 20113
859 1 19402 19202 19411 19727
860 1 19212 18787 19213 19201
861 1 19199 19204 19214 19703
862 1 19230 19223 19228 19226
863 1 19631 19254 19629 19651
864 1 19268 19262 19269 19266
865 1 19285 19286 19293 19284
866 1 19487 19306 19483 19303
867 1 19497 19307 19536 19515
868 1 19373 19327 19367 19374
869 1 18138 19313 19336 18089
870 1 19341 19343 19346 19340
871 1 19379 19116 19387 19389
872 1 19433 19392 19428 19405
873 1 19415 19417 19436 19416
874 1 19431 19429 19430 19439
875 1 19465 19441 19505 19466
876 1 19469 19463 19470 19480
877 1 18934 18933 19471 18916
878 1 19475 19479 19490 13365
879 1 19920 19518 19919 19924
880 1 19524 19523 19555 19395
881 1 19549 19529 19551 19545
882 1 19576 19572 19577 19578
883 1 19994 19586 19997 20004
884 1 19598 19593 19599 19602
885 1 19610 19606 19611 19612
886 1 19664 19638 19653 19654
887 1 19755 19641 19756 19774
888 1 19773 19772 19777 19760
889 1 19785 19786 19804 19778
890 1 19827 19814 19821 19833
891 1 19973 19845 19853 20005
892 1 19862 19861 19876 19859
893 1 19904 19900 19918 19926
894 1 19916 19931 20234 20322
895 1 19943 19938 19939 19968
896 1 20338 19949 20024 20372
897 1 19962 19965 19966 19964
898 1 20053 19671 20058 20041
899 1 20064 20060 20070 20073
900 1 19192 20001 20119 19193
901 1 20195 20191 20199 20197
902 1 20192 20193 20198 20194
903 1 20326 20329 20332 20228
904 1 20353 20352 20354 20369
905 1 20360 20357 20361 20340
906 1 20382 20379 20381 20376
907 1 20387 20385 20389 20286
908 1 20399 20402 20411 20009
909 1 20392 20395 20420 20390
910 1 20446 20397 20424 20443
911 1 20495 14907 20457 17793
912 1 20464 20472 20483 20463
913 1 20479 20478 21945 20481
914 1 20509 20486 20511 20523
915 1 20528 20517 20532 20529
916 1 20554 20543 21803 21805
917 1 20549 20550 20551 20548
918 1 20818 20582 20798 20819
919 1 20598 20593 20683 20599
920 1 20617 20610 20624 20616
921 1 20641 20608 20611 20613
922 1 20706 20628 20637 20707
923 1 20632 20625 20650 20636
924 1 20648 20654 20738 20564
925 1 20665 20664 20666 20667
926 1 16098 16122 20675 16132
927 1 20709 20698 20703 20689
928 1 20626 20651 20711 20631
929 1 20729 20727 20735 20730
930 1 20809 20779 20804 20812
931 1 20788 20785 20791 20806
932 1 20799 20801 20803 20800
933 1 20898 20900 20903 20896
934 1 20921 20915 20930 20920
935 1 20912 20936 21280 21281
936 1 20755 20753 20981 20756
937 1 20989 20976 21001 20987
938 1 20737 12403 21014 20758
939 1 21028 21021 21023 21027
940 1 21024 21025 21034 20937
941 1 21062 21063 21064 21049
942 1 21072 21047 21071 21082
943 1 21015 21079 21083 20773
944 1 21086 21088 21089 21074
945 1 21117 21113 21118 21114
946 1 21444 21121 21445 21458
947 1 21115 21126 21135 21110
948 1 21160 17876 21140 17877
949 1 21147 21146 21164 21162
950 1 21263 21261 21264 21265
951 1 11644 21303 21305 11645
952 1 21339 21338 21342 21347
953 1 21399 21391 21392 21400
954 1 21431 21409 21412 21100
955 1 21429 21423 21435 21372
956 1 21352 21353 21427 21371
957 1 21469 21441 21448 21606
958 1 11584 11614 21463 11615
959 1 21495 21491 21493 21492
960 1 21767 21496 21504 21779
961 1 21524 21523 21791 21525
962 1 21533 21531 21534 21618
963 1 19106 21535 21544 19104
964 1 21543 19107 21555 21538
965 1 21561 21560 21562 21217
966 1 21553 21568 21571 21554
967 1 21581 11639 21593 19157
968 1 21600 21597 21599 21603
969 1 21499 21605 21614 21508
970 1 21629 21620 21631 21626
971 1 21642 21640 21658 21641
972 1 21662 21657 21663 21655
973 1 21680 21673 21681 21682
974 1 21707 21684 21705 21706
975 1 21715 21714 21718 21332
976 1 21737 21734 21735 21727
977 1 21744 21742 21745 21743
978 1 21676 21678 21746 21320
979 1 21775 21777 21778 21761
980 1 21814 21813 21823 21819
981 1 21905 20342 21834 21910
982 1 21846 21844 21849 21860
983 1 21874 21873 21875 21872
984 1 21882 21880 21883 21881
985 1 21915 21908 21914 21917
986 1 21930 21921 21931 21929
987 1 21936 21935 21951 21950
988 1 20562 21452 21960 21511
989 1 21972 21968 21970 21971
990 1 21795 21976 21978 21793
