1 1 391 18 404 390
2 1 480 40 45 487
3 1 59 60 66 65
4 1 86 83 85 734
5 1 787 101 788 785
6 1 284 116 292 317
7 1 123 124 133 120
8 1 139 140 142 889
9 1 408 158 411 410
10 1 166 164 168 167
11 1 395 176 435 393
12 1 193 189 196 207
13 1 201 203 217 197
14 1 239 240 253 235
15 1 252 243 261 251
16 1 266 267 280 274
17 1 306 295 557 551
18 1 313 312 324 300
19 1 326 131 325 339
20 1 330 328 331 329
21 1 348 350 364 349
22 1 374 368 369 373
23 1 14 13 406 3558
24 1 405 416 419 432
25 1 223 439 442 1
26 1 444 200 455 448
27 1 453 454 464 449
28 1 461 463 482 462
29 1 496 493 498 499
30 1 277 250 515 275
31 1 526 521 531 524
32 1 558 533 561 562
33 1 48 50 550 49
34 1 571 568 572 570
35 1 611 600 601 608
36 1 612 614 620 632
37 1 672 664 673 914
38 1 667 661 683 689
39 1 1363 694 1359 1365
40 1 724 695 722 716
41 1 79 77 699 74
42 1 706 705 712 936
43 1 752 741 745 753
44 1 744 748 756 764
45 1 778 777 782 796
46 1 644 792 1475 766
47 1 803 802 805 110
48 1 821 822 823 824
49 1 858 848 864 845
50 1 874 850 865 867
51 1 872 833 871 852
52 1 5153 1065 1071 5154
53 1 1079 1085 1102 1073
54 1 1111 900 1109 1110
55 1 1106 1095 1121 1120
56 1 1285 1281 1293 1294
57 1 1309 1308 1311 1314
58 1 1336 1332 1335 1326
59 1 1316 1342 1347 1284
60 1 1351 1339 1352 1331
61 1 1377 729 1390 1374
62 1 1385 1375 1393 1384
63 1 1453 1439 1447 1455
64 1 1462 790 1454 1464
65 1 8203 1483 8176 8161
66 1 1502 1511 1530 1495
67 1 1541 884 1536 1570
68 1 1550 1549 1556 1356
69 1 1581 1600 1610 1602
70 1 1615 1614 1617 1616
71 1 1406 1613 1645 1388
72 1 1643 1644 1661 1404
73 1 1702 1694 2294 1701
74 1 1713 1704 1731 1500
75 1 1742 807 1740 1015
76 1 1528 1746 1750 1505
77 1 1730 1496 1754 1741
78 1 1765 1773 2391 1764
79 1 1781 1779 1782 1783
80 1 1814 1797 1803 1802
81 1 1523 1518 1963 3154
82 1 1975 1966 1974 1979
83 1 1986 1984 1990 1985
84 1 2016 2011 2018 2014
85 1 2026 2029 2036 2025
86 1 2049 1419 2048 2050
87 1 2267 2056 2861 2280
88 1 2075 2053 2065 2744
89 1 2083 2089 2094 1535
90 1 2101 2100 2116 3224
91 1 2129 2130 2146 2132
92 1 1996 1995 2139 2126
93 1 2164 2163 2165 2282
94 1 2179 2173 2180 2177
95 1 2207 2208 2211 1606
96 1 2232 2223 2231 2235
97 1 2238 2237 2483 2289
98 1 2274 2273 2275 1666
99 1 2303 2305 2307 2299
100 1 2352 2317 2607 1738
101 1 2353 2351 2354 2337
102 1 2341 2379 2382 1744
103 1 2413 2395 2396 2983
104 1 2419 2199 2420 1824
105 1 2430 2432 2435 2429
106 1 2241 2218 2447 2243
107 1 2465 2452 2463 2464
108 1 2470 2469 2472 2477
109 1 2489 2496 2512 2508
110 1 2498 2253 2501 2230
111 1 2511 2530 7019 2518
112 1 2475 2476 2531 3270
113 1 2552 2545 2564 2565
114 1 2560 2549 2561 3305
115 1 2330 2577 2914 2321
116 1 2290 2301 2582 2265
117 1 2587 2569 2586 2583
118 1 2608 2591 2618 2605
119 1 2655 2628 2654 7151
120 1 2645 2634 2646 2642
121 1 2624 2669 3147 2355
122 1 2403 2404 2670 2402
123 1 2656 2652 2683 2686
124 1 2693 2692 2694 2680
125 1 2711 2712 2715 2122
126 1 2950 2728 2952 2949
127 1 2796 2749 2978 2961
128 1 2769 2763 2768 2770
129 1 2777 2766 2775 2907
130 1 2727 2782 2967 2721
131 1 2790 2791 2792 2797
132 1 2156 2148 2831 2817
133 1 2848 2740 2850 2849
134 1 2816 2815 2858 2818
135 1 2869 2865 2868 2891
136 1 8070 2829 2880 8681
137 1 2725 2885 2923 2724
138 1 2926 2889 2927 2951
139 1 2894 2892 2895 3409
140 1 2905 2909 2913 2904
141 1 2938 2928 2936 2946
142 1 3155 2933 3146 3149
143 1 2969 2958 2984 7185
144 1 2943 2959 2960 2942
145 1 3022 2991 7228 2975
146 1 3017 3014 3015 3016
147 1 3044 3042 3045 1468
148 1 3070 3048 3051 3073
149 1 3087 3067 3084 3047
150 1 3130 3127 3129 3128
151 1 3133 3113 3135 3134
152 1 3114 3101 3139 3152
153 1 3189 3181 3192 3178
154 1 3201 3184 3211 3210
155 1 3205 3206 3207 3200
156 1 3198 3208 3213 2080
157 1 3311 3295 3309 3310
158 1 3379 3378 3387 2881
159 1 3393 3385 3394 3383
160 1 3470 3028 3480 3510
161 1 3517 1330 3488 3519
162 1 4343 3509 3582 4344
163 1 3672 3554 3667 3677
164 1 3557 3541 3555 3556
165 1 3560 3561 3564 3563
166 1 3538 3580 4477 3535
167 1 3629 3608 3630 3631
168 1 3648 3643 3659 3657
169 1 3525 3523 3676 3522
170 1 3684 3703 3705 3685
171 1 3771 3750 3776 3762
172 1 3759 3760 3783 3756
173 1 3812 3808 3816 3813
174 1 3899 3857 3930 9060
175 1 3872 3868 4507 3755
176 1 3367 3746 3880 3369
177 1 4067 3913 4223 4066
178 1 4918 3925 4932 4912
179 1 4950 3942 3952 4951
180 1 3975 3973 3990 3976
181 1 4013 4011 4012 4015
182 1 4019 4029 4039 4016
183 1 4043 4028 4040 3581
184 1 4054 4053 4057 4055
185 1 4088 4090 4092 4091
186 1 4098 4083 4097 4102
187 1 4117 4120 4131 3603
188 1 4133 4132 4397 4134
189 1 4139 4135 4150 4140
190 1 4148 4145 4158 4146
191 1 4163 4164 4165 4161
192 1 4157 3622 4176 583
193 1 4204 4207 4211 4197
194 1 4234 4231 4233 5367
195 1 4305 4280 4306 4304
196 1 4572 4315 4322 4577
197 1 4337 4335 4339 4338
198 1 4390 4359 4420 4375
199 1 4358 4362 4385 4357
200 1 4396 4388 4395 4402
201 1 4405 4408 4434 4406
202 1 4450 4443 4449 4448
203 1 4469 4452 4470 4465
204 1 4498 4491 4497 4501
205 1 4504 4490 4506 4730
206 1 4537 4533 4536 4601
207 1 4541 4548 4550 4538
208 1 4540 4539 4558 4496
209 1 4565 4561 4563 4571
210 1 4592 4584 4587 4802
211 1 4608 4609 4614 4606
212 1 4419 4413 4633 4632
213 1 4648 4644 4657 4647
214 1 4663 4662 4695 4671
215 1 4720 4665 4902 4714
216 1 3856 3860 4683 3854
217 1 4747 4738 4748 4746
218 1 4759 4752 4754 4760
219 1 4783 4781 4786 4782
220 1 4573 4575 4809 4594
221 1 4819 4817 4821 4818
222 1 3875 3877 4828 4798
223 1 4840 4832 4841 3889
224 1 4620 4618 4849 4619
225 1 4858 4854 4861 4857
226 1 4874 4879 4889 4862
227 1 3908 3909 4888 4887
228 1 4891 4890 4893 4895
229 1 4920 4713 4916 4926
230 1 4929 4928 4931 4933
231 1 4968 4959 4969 4966
232 1 4965 4946 4970 4964
233 1 3947 3950 4976 3948
234 1 5000 5002 5024 4999
235 1 5021 4997 5030 4905
236 1 5040 5041 5042 5037
237 1 3954 3955 5050 3905
238 1 5070 5071 5072 5063
239 1 5065 3964 5073 3962
240 1 5118 5108 5119 5122
241 1 5139 4468 5124 4680
242 1 5158 5150 5159 5157
243 1 5182 5184 5185 5181
244 1 5173 5183 5187 5174
245 1 5194 3995 5196 5201
246 1 5369 5368 5375 5365
247 1 5379 5378 5380 5377
248 1 5426 5392 5409 5394
249 1 5404 5396 5414 4271
250 1 5422 5416 5427 5421
251 1 6440 5564 6441 6439
252 1 5579 5575 5576 5599
253 1 5623 5607 5619 5587
254 1 5633 5636 5638 4551
255 1 5617 5625 5655 6494
256 1 5801 5770 5771 5809
257 1 5779 5780 5785 5781
258 1 5772 5783 7636 5773
259 1 5841 5817 5828 5854
260 1 5835 5821 5836 5653
261 1 5844 5814 5843 5861
262 1 5807 5960 5962 5961
263 1 5964 5965 5966 7651
264 1 6011 6001 6009 6010
265 1 6102 6103 6104 6101
266 1 6120 6115 6116 6124
267 1 6275 6285 6286 6274
268 1 6288 6299 6445 6290
269 1 6171 6141 6308 6167
270 1 6464 6459 6468 6463
271 1 6496 6475 6508 6497
272 1 4692 4690 6600 4688
273 1 5792 5784 6626 5774
274 1 7664 6633 7662 7652
275 1 6639 6640 6653 6637
276 1 6644 6648 7677 6638
277 1 6674 6675 6677 6672
278 1 6690 5983 6786 6691
279 1 6793 6788 6794 6796
280 1 6689 6686 6799 6688
281 1 7698 6814 7693 7697
282 1 6854 6824 6841 6819
283 1 6687 6825 7822 6684
284 1 6842 6843 7999 6836
285 1 10818 6855 10817 9530
286 1 5991 6000 6887 6888
287 1 7232 6949 7231 6301
288 1 6958 6490 6962 6861
289 1 6982 6970 9504 6979
290 1 6968 6964 6987 6145
291 1 6996 6995 6999 6997
292 1 6983 6960 7005 7026
293 1 7007 6981 7008 7010
294 1 7032 7033 7034 7031
295 1 7073 7070 7074 7076
296 1 8245 7094 8246 8242
297 1 7117 7115 7124 7107
298 1 7135 7120 7153 7142
299 1 7171 7149 7155 7172
300 1 7165 7161 7163 6250
301 1 7216 7188 7223 7222
302 1 7202 7203 7209 7184
303 1 7207 7194 7219 7215
304 1 7247 7006 7246 7277
305 1 7252 6319 7250 7257
306 1 7243 7240 7253 7242
307 1 7415 7293 7402 7758
308 1 7292 7291 7301 7248
309 1 7303 7305 7307 7300
310 1 7332 7087 7339 7088
311 1 7350 7346 8509 7349
312 1 7370 7364 7573 7588
313 1 7344 7348 7378 7327
314 1 7089 7092 7379 7090
315 1 7384 7388 7397 7376
316 1 7399 7395 7413 8542
317 1 7538 7422 7537 7563
318 1 7431 7429 7433 7432
319 1 7461 7456 7465 7443
320 1 7478 7481 7487 7459
321 1 7490 7491 8625 7489
322 1 7504 7499 7509 6451
323 1 7518 7517 7522 7519
324 1 7550 7321 7551 7549
325 1 7535 7552 7560 7452
326 1 7558 7557 7562 7568
327 1 7567 7565 7583 7559
328 1 8703 7597 8702 8705
329 1 7613 7600 7631 7612
330 1 7643 7639 7647 7644
331 1 7675 7673 7674 7660
332 1 7726 7724 7727 7723
333 1 7730 7729 7898 7955
334 1 7711 7732 8839 7710
335 1 2137 2135 7735 2186
336 1 7755 7756 7757 7746
337 1 7770 7766 7775 7778
338 1 7799 7789 7792 7938
339 1 7887 7814 7817 8278
340 1 7623 7604 7818 7621
341 1 7839 7812 7838 7829
342 1 7615 7616 7846 7614
343 1 7830 7824 7847 7848
344 1 7873 7645 7875 7871
345 1 7883 7864 7878 7859
346 1 7923 7905 7929 7911
347 1 7912 7917 7918 7919
348 1 7927 7937 8119 7928
349 1 1971 1970 7949 1446
350 1 7959 7964 7973 7954
351 1 7983 7981 7982 7985
352 1 7990 7989 8003 7763
353 1 8021 8018 8030 8028
354 1 8033 8008 8037 8009
355 1 8055 8048 8054 6883
356 1 8077 8074 8075 8103
357 1 8091 8083 9058 8090
358 1 8098 8096 8099 8100
359 1 8134 8135 8141 8133
360 1 8153 8152 8156 8155
361 1 7974 8166 8169 7972
362 1 8191 8186 8193 8164
363 1 9122 8198 9130 9121
364 1 8410 8210 8419 8735
365 1 8220 7795 8221 8209
366 1 8207 8212 8222 8711
367 1 8238 8231 8236 8234
368 1 8639 8262 8637 8659
369 1 8276 8270 8277 8274
370 1 8293 8294 8301 8292
371 1 8495 8314 8491 8311
372 1 8505 8315 8544 8523
373 1 8381 8335 8375 8382
374 1 7146 8321 8344 7097
375 1 8349 8351 8354 8348
376 1 8387 8124 8395 8397
377 1 8441 8400 8436 8413
378 1 8423 8425 8444 8424
379 1 8439 8437 8438 8447
380 1 8473 8449 8513 8474
381 1 8477 8471 8478 8488
382 1 7942 7941 8479 7924
383 1 8483 8487 8498 2373
384 1 8928 8526 8927 8932
385 1 8532 8531 8563 8403
386 1 8557 8537 8559 8553
387 1 8584 8580 8585 8586
388 1 9002 8594 9005 9012
389 1 8606 8601 8607 8610
390 1 8618 8614 8619 8620
391 1 8672 8646 8661 8662
392 1 8763 8649 8764 8782
393 1 8781 8780 8785 8768
394 1 8793 8794 8812 8786
395 1 8835 8822 8829 8841
396 1 8981 8853 8861 9013
397 1 8870 8869 8884 8867
398 1 8912 8908 8926 8934
399 1 8924 8939 9242 9330
400 1 8951 8946 8947 8976
401 1 9346 8957 9032 9380
402 1 8970 8973 8974 8972
403 1 9061 8679 9066 9049
404 1 9072 9068 9078 9081
405 1 8200 9009 9127 8201
406 1 9203 9199 9207 9205
407 1 9200 9201 9206 9202
408 1 9334 9337 9340 9236
409 1 9361 9360 9362 9377
410 1 9368 9365 9369 9348
411 1 9390 9387 9389 9384
412 1 9395 9393 9397 9294
413 1 9407 9410 9419 9017
414 1 9400 9403 9428 9398
415 1 9454 9405 9432 9451
416 1 9503 3915 9465 6801
417 1 9472 9480 9491 9471
418 1 9487 9486 10953 9489
419 1 9517 9494 9519 9531
420 1 9536 9525 9540 9537
421 1 9562 9551 10811 10813
422 1 9557 9558 9559 9556
423 1 9826 9590 9806 9827
424 1 9606 9601 9691 9607
425 1 9625 9618 9632 9624
426 1 9649 9616 9619 9621
427 1 9714 9636 9645 9715
428 1 9640 9633 9658 9644
429 1 9656 9662 9746 9572
430 1 9673 9672 9674 9675
431 1 5106 5130 9683 5140
432 1 9717 9706 9711 9697
433 1 9634 9659 9719 9639
434 1 9737 9735 9743 9738
435 1 9817 9787 9812 9820
436 1 9796 9793 9799 9814
437 1 9807 9809 9811 9808
438 1 9906 9908 9911 9904
439 1 9929 9923 9938 9928
440 1 9920 9944 10288 10289
441 1 9763 9761 9989 9764
442 1 9997 9984 10009 9995
443 1 9745 1411 10022 9766
444 1 10036 10029 10031 10035
445 1 10032 10033 10042 9945
446 1 10070 10071 10072 10057
447 1 10080 10055 10079 10090
448 1 10023 10087 10091 9781
449 1 10094 10096 10097 10082
450 1 10125 10121 10126 10122
451 1 10452 10129 10453 10466
452 1 10123 10134 10143 10118
453 1 10168 6884 10148 6885
454 1 10155 10154 10172 10170
455 1 10271 10269 10272 10273
456 1 652 10311 10313 653
457 1 10347 10346 10350 10355
458 1 10407 10399 10400 10408
459 1 10439 10417 10420 10108
460 1 10437 10431 10443 10380
461 1 10360 10361 10435 10379
462 1 10477 10449 10456 10614
463 1 592 622 10471 623
464 1 10503 10499 10501 10500
465 1 10775 10504 10512 10787
466 1 10532 10531 10799 10533
467 1 10541 10539 10542 10626
468 1 8114 10543 10552 8112
469 1 10551 8115 10563 10546
470 1 10569 10568 10570 10225
471 1 10561 10576 10579 10562
472 1 10589 647 10601 8165
473 1 10608 10605 10607 10611
474 1 10507 10613 10622 10516
475 1 10637 10628 10639 10634
476 1 10650 10648 10666 10649
477 1 10670 10665 10671 10663
478 1 10688 10681 10689 10690
479 1 10715 10692 10713 10714
480 1 10723 10722 10726 10340
481 1 10745 10742 10743 10735
482 1 10752 10750 10753 10751
483 1 10684 10686 10754 10328
484 1 10783 10785 10786 10769
485 1 10822 10821 10831 10827
486 1 10913 9350 10842 10918
487 1 10854 10852 10857 10868
488 1 10882 10881 10883 10880
489 1 10890 10888 10891 10889
490 1 10923 10916 10922 10925
491 1 10938 10929 10939 10937
492 1 10944 10943 10959 10958
493 1 9570 10460 10968 10519
494 1 10980 10976 10978 10979
495 1 10803 10984 10986 10801
