	 1 0.131627 106.5 0 0
	 2 0.109062 111 0 0
	 3 0.094019 120 0 0
	 4 0.141029 111 0 0
	 5 0.10972 113.5 0.020985 2.561
	 6 0.062861 110.1 0.042365 2.179
	 7 0.062861 110.1 0.042365 2.179
	 8 0.094019 116 0 0
	 9 0.10972 113.5 0.020985 2.561
	 10 0.100319 114 0.015043 2.561
	 11 0.064873 110.1 0.042365 2.179
	 12 0.131627 113.5 0 0
	 13 0.064873 110.1 0.042365 2.179
	 14 0.131627 113.5 0 0
	 15 0.225646 105.5 0 0
	 16 0.122225 126.7 0 0
	 17 0.109062 109.5 0.020985 2.561
	 18 0.065813 111.4 0.042365 2.179
	 19 0.169235 104.5 0 0
	 20 0.090258 108 0 0
	 21 0.066754 109 0.010154 1.802
	 22 0.066754 108.4 0.010154 1.802
	 23 0.072395 106.8 0.010154 1.802
	 24 0.110943 111 0 0
	 25 0.122225 127.8 0 0
